0.000000000000000000e+00	6.183313845109505991e-07	1.577717526665426060e-07	-1.112783270206489927e-01	-8.324113711561680179e-06	-2.865922644686359624e-06	-8.073918505431523901e-06	-2.075780430757165340e-06	-5.064097952097595945e-02	-2.778491370352798315e-07	-2.887578629086097911e-06	-4.337827735939340972e-09	-1.485511179093210954e-07	-2.662780986719822662e-01	-1.284035939626723688e-01	-1.041914194145938249e-01	-9.767919698364457197e-08	-2.007172688122470933e-02	-5.067734409443032089e-07	-1.801500770015821800e-06	8.736770483810940569e-08	-2.725140199911835551e-02	-5.496298294691401992e-02	5.458242689650783941e-07	3.998698428903102453e-07	1.061254201210768422e-07	4.668741021226867419e-07	-4.467921259576036752e-02	-7.892068265086302467e-07	-7.057328180979576995e-06	-5.448413092453702883e-07	7.675333223120947403e-08	-5.021722473399700681e-07	-1.994591490564870894e-07	-2.035381174793501447e-06	-1.097029345346941936e-01	2.129745253799664173e-07	-4.086691854667937701e-08	-2.585257178442634252e-01	1.235526823246957395e-06	-6.298135055334312360e-07	-1.065861789284035367e-06	-3.815687586207483495e-08	-3.839882460442161019e-07	-5.861680581892292352e-08	-3.924549108532143782e-02	-1.429229005666363683e-01	-1.872459917354548606e-07	-1.747351201051370194e-08	1.419098512038209451e-17	1.356411692100416925e-06	-1.936762923360945202e-02	-6.873508614887720997e-03	1.423208799434250321e-06	-3.024989933432453339e-08	-1.685825118854114488e-07	1.043528439652330331e-06	-1.204880264608613055e-01	-3.923381034821375457e-01	-2.342127686745726780e-08	-5.572132138337244911e-02	-2.540840574554295572e-01	-2.118434911692335110e-08	-5.551115123125782702e-17
6.183313845109505991e-07	0.000000000000000000e+00	4.414887402302723654e-07	-7.736471257987800702e-08	-1.014583147704643404e-07	9.162827778940962269e-07	1.010006857343465994e-06	-1.099274953644269193e-01	1.411639156002203466e-06	-3.347353804726814763e-01	-5.689458945574599191e-02	-1.915599922848055248e-01	3.593054717091305190e-07	1.546140850225976227e-07	3.357991898086942761e-06	2.851477646909766905e-06	9.054127032767644856e-06	2.188927761304968421e-06	-6.685228141215580899e-02	7.133215157862922419e-07	-2.280573099294609107e-01	2.011241625117172629e-06	1.030297135180402762e-06	1.181368817166233571e-07	-9.453987357869447772e-02	4.736028894670703607e-06	1.915440422298254806e-07	3.183446631597630180e-06	9.547565292256532991e-07	4.160504190776247010e-07	1.338053764463401074e-07	1.290251237225415257e-07	-1.831187418914980436e-01	-1.859227162766204366e-01	1.154726950836071353e-06	1.994095283261717071e-07	9.591867939327813897e-07	1.514231420213492844e-08	7.999589912726688695e-08	4.383386734696514964e-07	-1.386918753169434082e-01	1.673824130539613445e-07	9.712650834159397562e-07	-6.635409541581760440e-03	-4.506470361563193194e-02	1.801565493349255309e-07	2.518887112813728013e-07	2.912454695932809798e-07	4.686538360312445933e-08	-1.163447392430140559e-01	1.720412552931483592e-07	3.227132486772817467e-08	4.851433128499633492e-08	5.033730139769282666e-07	1.004748502182954749e-08	1.950632952889392065e-07	2.256850305318303107e-07	6.029914038051253922e-08	1.435740143652928683e-07	2.618674218440864010e-09	7.954228856709414097e-08	-5.998196636512724196e-17	-1.702638018882659532e-01	-1.351972111964795942e-01
1.577717526665426060e-07	4.414887402302723654e-07	0.000000000000000000e+00	-1.443506562287340108e-07	-1.037000019096942018e-06	-7.876114907562354109e-07	-6.287521448427320738e-06	1.622910447054287664e-07	1.387061244664117288e-07	1.229615012779760194e-06	9.353280002583065050e-08	6.946234708809939887e-08	1.530754561407853611e-06	-1.182718462182846009e-06	4.651151617521905569e-07	-3.615893826936292244e-06	1.072879882038746336e-07	-2.394459229432678218e-07	1.503852325267199216e-07	1.031032351382414511e-06	2.732689805794163984e-07	1.553516530952708105e-07	1.234385004011255387e-07	-4.460931034054689825e-01	2.788115602871121812e-07	1.756782589540152494e-07	-4.676228583961529078e-07	1.978757604791500153e-07	8.702061513582930529e-08	1.039916964085280318e-07	1.838032381986206876e-07	-3.650895336326604447e-07	3.094268261896130495e-07	8.562415331912914312e-07	6.297972820388109192e-07	-2.401621561676998580e-07	7.613926965386458301e-08	-1.540177283552154053e-01	9.862622944487187099e-09	-1.151090356296680106e-07	1.289774029824788954e-07	-7.085947538372784626e-02	5.217166234097736499e-08	5.645939387437032589e-08	6.595200829559444422e-08	2.526800493667102909e-09	-1.644266864965343927e-08	-1.281632571572877424e-06	-1.426268922052638518e-03	6.403870694345162318e-02	-5.251086608397831043e-08	-4.430256018762822204e-08	-9.065022913654829344e-08	4.160008303881349141e-07	-2.418509170497854244e-01	-9.459961249658033200e-02	-2.263692206166262322e-08	-2.542139196804599210e-08	-2.878059814544430101e-08	6.317601108493054729e-09	2.072784557488334475e-08	1.161600327472286549e-16	4.636729115242710364e-09	0.000000000000000000e+00
-1.112783270206489927e-01	-7.736471257987800702e-08	-1.443506562287340108e-07	0.000000000000000000e+00	-8.055361826168139228e-02	-1.556147920965002396e-06	-4.395262602808775593e-06	-3.912098800076639626e-07	-4.943999477174942925e-08	-1.738576110733164315e-07	9.952660774318850016e-08	-1.178116172083404027e-07	-5.252587712494685887e-07	-3.746846544160525871e-01	2.895769188812624684e-07	-3.227681419398081841e-06	-6.299223088007677163e-07	-3.551591886315795601e-07	-2.083471087442585230e-07	4.605315925368985699e-07	-1.234872039103385166e-07	-1.622906092694532953e-07	-1.693984816206886915e-02	8.482766494507599023e-07	-4.994006182409971295e-07	1.515780298176931055e-06	8.375375175395010790e-07	-2.053400358498214118e-07	2.612867749891295829e-07	-2.833836994901596795e-01	-2.786295471830877585e-07	-7.783712384205367096e-07	-3.563924874765145301e-07	-1.686089421710362801e-07	-1.597085265727521408e-06	-5.432311881992113456e-07	-2.362245046785491076e-07	3.591616599615821137e-07	-2.539329018480473987e-01	-4.169094345966850579e-07	-3.514633276774370430e-08	-6.486878909908752779e-07	-9.129367959780781971e-08	4.353102264417763045e-08	-3.681984100077639877e-08	-6.995628619296465067e-07	-5.060940794394952480e-07	2.962449984239257323e-07	9.486453890917428966e-08	-5.643668498903804194e-17	-3.285609687054755201e-07	-2.929146778046787247e-07	-1.936352957329451896e-01	-4.466792661445007084e-07	-1.276532359059202101e-08	1.694571862911521368e-08	-3.475765437133127023e-07	-1.099144464819512557e-07	-2.350346180561902476e-01	-9.300769704748135247e-09	-2.641822327842380247e-07	-9.833136004937098607e-02	-1.292393461693741585e-08	6.938893903907228378e-17
-8.324113711561680179e-06	-1.014583147704643404e-07	-1.037000019096942018e-06	-8.055361826168139228e-02	0.000000000000000000e+00	-3.551459761654269258e-06	-8.675696978116535785e-02	-4.830864291749219219e-07	-3.464521738077118440e-06	-4.103159132700987246e-07	-4.608905508627587787e-07	-9.346986370126589116e-08	-1.775809160246077882e-06	-2.293529587557919802e-01	-4.908817998280777634e-06	-3.758859408437183192e-06	-3.101054592363946737e-07	-4.429730208228949209e-06	-1.682920304774993512e-07	-2.006398233469502274e-02	8.064123021254976376e-09	-4.713543373905306332e-07	-9.134974942484465782e-08	-2.389942619835788475e-06	-5.903207242648200737e-07	-1.018311259829022411e-06	-2.038020482780510615e-07	-6.417704130229820447e-02	-5.147084932372133973e-07	-7.453522450807636415e-04	3.543737099780451451e-07	-2.125982698002783220e-07	-5.898980145390905760e-07	-2.145115881658123075e-07	-1.555573609640547306e-01	-4.152640868493171036e-07	-1.376868369810067827e-06	-5.154578735681022326e-06	-3.919951936572102127e-07	-1.834297442012463447e-06	-5.946330685880670068e-07	-2.253546516694596525e-06	-4.892872185646886252e-07	-1.292442647841019137e-07	-4.998409884431065375e-08	-7.425758699912063387e-07	-7.595238998371728185e-07	-2.969954232418930996e-06	-8.559237588102669436e-02	-1.217301971414825541e-17	-6.048493547174487704e-07	-1.172516567577053485e-07	-3.465850528209438730e-01	-4.629200093749941819e-02	-1.063276913492480375e-08	-1.513945799513704606e-07	-6.290688573480293644e-07	-2.219039550352928936e-07	-6.117800925972095849e-07	-8.272150933193458955e-03	-2.038132064472707247e-07	-2.296047952356330956e-16	-1.794641747926775666e-08	0.000000000000000000e+00
-2.865922644686359624e-06	9.162827778940962269e-07	-7.876114907562354109e-07	-1.556147920965002396e-06	-3.551459761654269258e-06	0.000000000000000000e+00	-9.501217685002308450e-06	-7.405869947652368723e-06	-4.131951892730537090e-06	-2.099923977219586568e-06	-6.929770763493855626e-07	-1.024348328925328710e-06	6.011953936800477874e-07	-4.883311539194621849e-07	-4.758568414971013627e-06	-4.667715561824936632e-06	-2.242980518176936333e-01	-7.406621673408610288e-07	-1.356302831519659857e-01	-3.321525848020001033e-06	-5.893604111562728010e-07	-9.843928005911158999e-07	-6.291772493866111364e-03	-1.483092826337309122e-06	-2.064889557562565869e-06	-2.323809737732266678e-01	-3.859363399249203080e-07	-5.955780528388656542e-02	-6.624593617016658697e-07	-9.379299330349499594e-07	-1.760007832701023650e-07	-7.909272289137443147e-07	-3.705066279766078274e-06	-1.774235844636748438e-06	-1.832167118537980643e-06	-5.473746083020194941e-07	-1.250608088675459473e-01	-3.607599220061522786e-03	-2.933360818421961010e-07	-9.351950072010103976e-07	-2.375029980898613058e-06	-4.811260426498535205e-08	-3.027751085542190398e-02	-7.969572168760319375e-07	-1.654599556515784498e-07	-6.490140699259155932e-08	-3.813438681975171718e-02	-1.812946454655553095e-06	-7.708457048982278459e-02	6.724285206015503532e-17	-7.873494344161667546e-02	-1.647730727300222664e-07	-8.479532510369215906e-08	5.362629464145080583e-08	-1.263633418186467598e-08	-1.408768754823798145e-09	-1.027417110069372974e-08	-2.583121796622412508e-02	-5.726865065819851210e-07	-1.819190528808134477e-07	-3.185818080869777157e-07	1.034412982954388822e-16	-5.508930478459461710e-08	-5.551115123125782702e-17
-8.073918505431523901e-06	1.010006857343465994e-06	-6.287521448427320738e-06	-4.395262602808775593e-06	-8.675696978116535785e-02	-9.501217685002308450e-06	0.000000000000000000e+00	-3.821690591331722286e-06	-8.739714996633743405e-06	-5.366226632156983384e-07	-4.576389562219731218e-07	-1.374961220481997167e-07	-1.141099524352625575e-03	-7.010804826704165807e-06	-1.621592083178418554e-05	-1.672591513021855214e-05	-1.613338715671000036e-06	-1.967375202098290421e-01	-7.151222410161171743e-07	-5.185229940031428619e-02	-6.637032160024952665e-07	-1.362840187054360334e-06	-1.942170729900534465e-02	-1.096826383869330831e-05	-2.240459966745822484e-06	-5.632756993985955502e-06	-3.175240706687190023e-02	-6.430268097581291753e-02	-3.665096445458850438e-06	-4.069981894553821231e-06	-3.153590056898639385e-06	-8.350165930073013161e-07	-3.314754855634517716e-06	-7.768777977428242389e-07	-5.467486713767074029e-06	-9.263586715202257602e-07	-1.199886367997638342e-01	-7.362178481909537812e-06	-1.460788659736752327e-06	-2.364207806307243309e-06	-2.582552634122566064e-06	-1.093029020963061093e-01	-3.292715814450147827e-01	-1.290996941980280151e-06	-2.547137850118785796e-07	-3.312417721346688770e-02	-7.246536651037836391e-07	-2.982321335557154356e-06	-1.540180455697467976e-01	1.735469817171578381e-16	-3.592938095482899157e-07	-1.937921764260177311e-07	-1.032884464366760902e-01	-4.127973573357653359e-01	-5.439220505264605578e-07	-4.080653390919895321e-07	-4.644761472229891330e-02	-1.694357689026655400e-01	-1.052861921316324612e-06	-8.245351110289607151e-08	-2.435174145263045015e-02	-7.098931021106535268e-17	-8.982461668829294643e-08	2.775557561562891351e-16
-2.075780430757165340e-06	-1.099274953644269193e-01	1.622910447054287664e-07	-3.912098800076639626e-07	-4.830864291749219219e-07	-7.405869947652368723e-06	-3.821690591331722286e-06	0.000000000000000000e+00	5.017459758088760324e-07	1.300910892669190910e-05	-2.335345373677348568e-02	3.527121373382505255e-06	6.382560256388138582e-07	8.789887767125803553e-08	2.743799211959996320e-06	-1.092118517162510294e-06	-1.090649193642651421e-01	3.135560493089569329e-07	-4.593920250991487819e-01	-1.543265298433472040e-07	-2.792952965523492342e-02	-1.215965235893849174e-02	-4.177720567631930393e-02	4.495535079488268407e-07	-1.764731601818626122e-02	-1.154414387191827068e-01	2.669221489951504426e-07	2.613977549623114349e-06	-1.392280925005259969e-02	-9.175709054118014185e-02	4.289629212581545781e-08	6.993269028449100588e-08	4.449011435196659203e-06	-1.498198144798991160e-01	9.981232376304882692e-07	1.302579072173792873e-07	3.131916132079887172e-07	1.449646719019204166e-07	-7.049246139258835697e-03	2.160369421098928822e-07	-5.329503061905632721e-02	2.888640347350643793e-07	-1.272137244125951250e-01	-1.167369057303184465e-01	-2.745656819117615610e-01	-5.827890381035136236e-04	-7.645587615803769652e-03	4.366381912859717961e-07	8.455967359655147675e-08	-4.215512760332769423e-17	4.474979916247075196e-09	1.619194108654076203e-09	5.568828037681022858e-08	1.489018911617415175e-07	1.680285189321508321e-08	9.579715850302670021e-08	7.604274623526641186e-08	5.804827915567578600e-08	2.792375274410230368e-08	1.066333315414419447e-07	7.011575903215216954e-09	0.000000000000000000e+00	4.240750622885869348e-08	-6.031612686456760963e-02
-5.064097952097595945e-02	1.411639156002203466e-06	1.387061244664117288e-07	-4.943999477174942925e-08	-3.464521738077118440e-06	-4.131951892730537090e-06	-8.739714996633743405e-06	5.017459758088760324e-07	0.000000000000000000e+00	3.952634010613249828e-07	-3.547677057062336033e-04	-1.258035174682505585e-09	1.414588162987122475e-06	-6.615320758134749095e-07	-6.272978949347012132e-06	-2.660401400631298707e-06	2.255004307823548180e-06	-9.304280869202250042e-07	-8.488959148307177551e-07	-2.926946149307891706e-06	-1.442872082179694204e-01	-6.053841262156581587e-07	-1.810816129572675639e-07	5.222111506105431002e-07	1.078953594108034153e-07	-1.183497681792224339e-07	3.374460376462355995e-07	-1.615268543527596801e-01	-9.040059199963947395e-07	6.123860817534485827e-07	6.675780561275322339e-07	-1.663986578119826668e-06	-5.650065001950276000e-07	-5.198620802110829123e-07	-1.583312149529963708e-07	-6.552346083699331358e-02	-3.466186080970656835e-07	-1.300168495612589736e-01	3.120331186729803326e-08	-1.365154123843285716e-01	-8.663384750649957903e-07	2.860144441600732181e-07	-2.813264862230185903e-07	-5.311918859543251177e-07	6.629906612945490885e-08	-1.297538025674086770e-01	-3.397290606076354068e-07	-5.019961470295524614e-02	1.060353937995193942e-07	-3.859858372735541212e-17	-2.462666485256416737e-01	-6.071020051517083890e-03	1.202143887123093112e-07	-3.940441696720848388e-07	2.309811981830175610e-08	-3.015645269143393650e-07	-1.043690970488255904e-01	-4.436368643533698808e-02	-2.084484449381576359e-07	-4.056419834180787916e-08	-1.083826367075995806e-01	-5.315853734565205435e-02	9.820034982226111264e-09	-9.123169382965988505e-02
-2.778491370352798315e-07	-3.347353804726814763e-01	1.229615012779760194e-06	-1.738576110733164315e-07	-4.103159132700987246e-07	-2.099923977219586568e-06	-5.366226632156983384e-07	1.300910892669190910e-05	3.952634010613249828e-07	0.000000000000000000e+00	-1.927371032221341090e-04	-2.387225424395044565e-02	1.872786904744116984e-07	1.228111622391915485e-07	2.481795877652334670e-06	8.214957133720682259e-07	8.062718795595613663e-06	6.880785398444600834e-07	-1.023091067095645290e-01	8.405898015666948246e-08	-5.743912910769968100e-02	-8.575821992919735459e-02	1.663072584886821505e-07	2.533357080157003437e-08	-2.762651658109666064e-02	4.044697792958645670e-06	4.890759321798387230e-08	2.693819816490771563e-06	4.512079846053182464e-07	1.506667399651289952e-07	6.279160887643145394e-08	7.712772412482813768e-08	-1.990005861008844468e-01	-3.324228436722986846e-01	1.360456001089915823e-06	1.475349841833217779e-07	5.752663342654604217e-07	-1.152518850842184594e-07	7.147737846378563106e-08	2.104574249152738052e-07	-1.678784927759018053e-02	4.252289478217789993e-08	9.225195116225118341e-07	-1.636984170901432112e-01	1.609325405039357948e-07	1.439555447060522630e-07	2.397349494077244403e-07	1.308941281875543184e-07	2.017526543025324969e-08	-4.131139873749389846e-01	5.589839314931283534e-08	2.692026436531314758e-08	1.761004906592602939e-08	1.596617064278492154e-07	3.133332136419642184e-09	5.783224097941552314e-08	1.164989249483223965e-07	5.374892619348925482e-08	1.027756597142689506e-07	1.271260366558779609e-07	7.347669100630207820e-08	-1.293776902883093740e-16	-1.424236185626390205e-01	8.326672684688674053e-17
-2.887578629086097911e-06	-5.689458945574599191e-02	9.353280002583065050e-08	9.952660774318850016e-08	-4.608905508627587787e-07	-6.929770763493855626e-07	-4.576389562219731218e-07	-2.335345373677348568e-02	-3.547677057062336033e-04	-1.927371032221341090e-04	0.000000000000000000e+00	-2.379930694609110901e-07	1.618093083319187021e-06	3.750097246033195180e-07	-2.266627256363987647e-06	-9.143221500209318398e-07	1.069333919925115815e-07	-1.754459998071841997e-01	-7.298374493875017799e-02	2.792346692625208575e-07	-1.572555769335098885e-07	-3.457199043813558026e-01	1.157207191769738701e-07	3.108548124492160285e-08	-5.620819897682316491e-07	7.824317605638695460e-08	-4.510689576323033753e-08	1.084988740850971874e-06	-2.645099367974813043e-01	5.233494950386404840e-07	-1.684065530015513940e-07	1.253798030139399406e-07	-3.804169000621270003e-07	-4.571596477346369579e-07	3.603911931612605673e-07	1.911202739024386076e-07	-1.234143331670448096e-08	-7.908278121469237928e-08	2.703794736563589062e-07	-1.111109969322530977e-07	1.794967881771657101e-07	2.910880589488811857e-08	3.552576816165560480e-07	-4.049033218188287375e-02	-7.828623191288158756e-08	1.524550264893689833e-08	8.236008477851611263e-08	-7.042133132212937149e-08	1.103696940871137950e-07	1.751193313964241417e-17	3.695813620814031704e-08	1.016777455264635416e-07	8.951009816986540035e-08	-7.447896044443746139e-08	-2.945439197619281499e-08	-1.765806193178871827e-07	-7.748860609606661454e-02	7.084897544074736375e-09	2.232179455573541575e-07	-1.492136451222933973e-08	1.637078256409660304e-07	7.228738458707069971e-17	-2.373009050111313245e-08	-7.632783294297951215e-17
-4.337827735939340972e-09	-1.915599922848055248e-01	6.946234708809939887e-08	-1.178116172083404027e-07	-9.346986370126589116e-08	-1.024348328925328710e-06	-1.374961220481997167e-07	3.527121373382505255e-06	-1.258035174682505585e-09	-2.387225424395044565e-02	-2.379930694609110901e-07	0.000000000000000000e+00	4.977980314400605640e-08	-3.721047799531626565e-09	6.230163866970638009e-07	2.429176065160687514e-08	-3.042164843934017093e-02	-1.372162619364315538e-07	4.654530048297243785e-07	7.353321867669487047e-08	3.184088269306620256e-07	3.897413718689779743e-07	1.053864728979706431e-07	2.954128318592474159e-08	-4.503578525343377575e-02	2.511249697510813334e-06	1.677139054982702960e-08	8.534806764351650366e-07	7.121861512322536422e-08	1.537608630187043161e-08	1.323141891526862651e-08	2.132002543405548886e-08	-2.519944579246875538e-01	-1.392466936676427236e-01	4.968116092147339957e-07	2.441086425640677515e-08	5.784045279334966427e-07	-6.696183527912964728e-09	-7.039832735852846746e-10	7.256357021983780853e-08	-6.079535961357485779e-02	-1.616388522811000413e-08	3.360383200245401630e-07	-2.038897462071056349e-02	-1.562474980673280757e-02	7.657568751578275323e-08	8.365398878728419474e-08	4.803995079787537790e-09	-1.008440095155455768e-08	1.509290127296738075e-17	2.481285602073219580e-08	-9.391174411472330563e-10	-6.639466888281632395e-09	2.347702782802855645e-08	2.265247620714731153e-09	-1.304334016881270247e-08	5.741181448065853232e-08	2.609938664905990524e-08	1.366119992953981899e-08	5.974010775086288638e-08	1.040014322231663790e-08	-2.255140518769849223e-17	3.899828804332372556e-08	0.000000000000000000e+00
-1.485511179093210954e-07	3.593054717091305190e-07	1.530754561407853611e-06	-5.252587712494685887e-07	-1.775809160246077882e-06	6.011953936800477874e-07	-1.141099524352625575e-03	6.382560256388138582e-07	1.414588162987122475e-06	1.872786904744116984e-07	1.618093083319187021e-06	4.977980314400605640e-08	0.000000000000000000e+00	-2.321397039438275044e-06	1.950955401126298053e-06	5.304787372493839637e-07	2.891280688234420492e-07	-1.966922080851214380e-02	9.784695372333718318e-08	-4.328031286979772685e-01	6.327404880861892122e-08	4.235206906964692260e-07	3.923873729321670421e-07	-1.709248335288304776e-01	2.600503751122584806e-07	9.393782356456702281e-07	-1.381419874973005835e-01	3.623365056713871094e-06	5.946931242918723500e-07	-7.150137172614532679e-07	-8.796266601529843798e-02	1.448781374158284645e-08	3.149747367525322292e-07	6.126800532531301695e-08	-2.485336883588423473e-01	1.875221046136241082e-08	7.721748619075180509e-07	1.878038374829269533e-06	-1.252305741205395726e-07	8.415896329428546041e-07	3.785743792698905686e-07	-1.816911537770423135e-01	2.152058882960196373e-07	1.517078093939986655e-07	2.413116802300191432e-08	1.399322951305473350e-08	1.900684472149384603e-07	7.956940670950627552e-07	5.000102138383514621e-07	-2.077040400078356962e-17	1.649525752920533355e-07	1.050309490166469631e-08	-2.737911015841879708e-02	1.210894110726873004e-06	-2.601681772844395835e-01	-1.982145856563872210e-01	1.653812295402280058e-07	3.100782161070958498e-08	1.600445902345094853e-07	-2.563376343195660767e-01	1.024514283459111424e-07	-4.443046870793181405e-18	9.264037582846704200e-09	1.457167719820517959e-16
-2.662780986719822662e-01	1.546140850225976227e-07	-1.182718462182846009e-06	-3.746846544160525871e-01	-2.293529587557919802e-01	-4.883311539194621849e-07	-7.010804826704165807e-06	8.789887767125803553e-08	-6.615320758134749095e-07	1.228111622391915485e-07	3.750097246033195180e-07	-3.721047799531626565e-09	-2.321397039438275044e-06	0.000000000000000000e+00	-1.287914415441901612e-06	-3.137711843562455624e-06	-7.029244829983953557e-07	-2.786589269833438137e-06	4.581976264119957314e-08	-2.528148598576337721e-07	-3.060087719762485253e-07	-2.941582587460830996e-07	-7.654227919956306840e-07	-2.628070568045140341e-06	-1.528895336644006675e-07	5.182970993573406886e-07	-4.688207598130865842e-06	2.978267783455446285e-07	-8.491460927415865190e-07	-5.378268551175368386e-08	-6.496464997069319007e-08	-3.855817432068004591e-07	-1.917815041756892880e-09	-5.322542217254047636e-08	-7.741452608413766645e-07	-1.577506827181062795e-07	6.570339557707485789e-08	-2.966831981800416579e-07	-2.170456942262935325e-07	-4.809634789000377317e-07	-3.684354041716408901e-07	-1.333964688410189405e-04	-1.905020746934080883e-08	-5.307607751901290138e-07	-2.865147136102245973e-08	-5.056471762756530042e-02	-9.118147244609018862e-03	1.642694929647007639e-07	-5.127760976717009319e-07	4.821642122652627381e-17	-1.457797384611534843e-07	-2.262822851369312296e-07	-1.621880931077273602e-01	-1.465786926029924719e-01	-7.350187993958460093e-08	-5.259802794364306773e-08	-2.255655704431992412e-07	-9.848289059125395206e-08	-1.912917123521750140e-01	-9.521134991205028320e-09	-9.322156955548530771e-03	-1.937740676061858458e-01	-1.018082218876004141e-08	1.387778780781445676e-17
-1.284035939626723688e-01	3.357991898086942761e-06	4.651151617521905569e-07	2.895769188812624684e-07	-4.908817998280777634e-06	-4.758568414971013627e-06	-1.621592083178418554e-05	2.743799211959996320e-06	-6.272978949347012132e-06	2.481795877652334670e-06	-2.266627256363987647e-06	6.230163866970638009e-07	1.950955401126298053e-06	-1.287914415441901612e-06	0.000000000000000000e+00	-5.092076003286941099e-06	1.225138787671597936e-06	-2.533958141997608854e-02	1.533692924858664784e-08	-4.559996085194958664e-06	5.102244289185986492e-07	-2.025262923907873158e-01	2.487684136375438427e-07	8.398181869020499569e-07	-6.818856479288981642e-08	7.826881307312850170e-07	2.205689387543365018e-07	-2.743519474332130614e-01	-4.413154505752417228e-07	-8.005348356328324810e-02	1.959663754288620255e-07	2.132517323587222548e-08	5.888634937726211147e-07	-9.293874803796935864e-08	8.348793347512699847e-07	2.942574769886376840e-07	-5.465745666951432602e-07	-2.038955491690816928e-07	-3.315929157885014102e-03	-3.480029451318270017e-07	-5.908620291152337500e-02	-3.854559537783775344e-07	-1.920245417337212990e-02	-1.105655299337006819e-01	-1.374969262838560136e-08	-1.565793505990321355e-01	-1.167229796936697133e-07	5.608115782634172515e-07	-2.724088856819138474e-07	4.195764936557743823e-17	-2.151732383116196430e-07	-5.811101357631633119e-08	-1.704865578758817688e-07	-8.782902109571785743e-02	2.474009110381140617e-08	-1.050311716316118960e-07	-2.082342861419415880e-07	-1.137157458687594602e-07	-3.305135229589450882e-07	6.529127532358536991e-08	-1.789565060472843652e-02	-6.729152244342334610e-02	-2.351140998624297318e-02	4.857225732735059864e-17
-1.041914194145938249e-01	2.851477646909766905e-06	-3.615893826936292244e-06	-3.227681419398081841e-06	-3.758859408437183192e-06	-4.667715561824936632e-06	-1.672591513021855214e-05	-1.092118517162510294e-06	-2.660401400631298707e-06	8.214957133720682259e-07	-9.143221500209318398e-07	2.429176065160687514e-08	5.304787372493839637e-07	-3.137711843562455624e-06	-5.092076003286941099e-06	0.000000000000000000e+00	5.502651612074305199e-07	-3.011666896611958948e-06	-1.180456151482267987e-07	-2.329146421947983613e-06	2.518253549611826347e-07	-4.668558221985552939e-07	-1.211715614493575899e-01	-2.549439137527750865e-01	6.144490504594868341e-08	-1.658809625946990225e-07	2.601391474806152043e-07	-4.368105596019232484e-02	-4.432087610542105316e-01	-5.669255690254426747e-07	6.179544595589798323e-07	1.383166876535359829e-07	-4.536916425254555740e-07	-3.848026505527679664e-07	-5.433081518013693767e-07	6.931140733405782850e-08	-6.776011599925885198e-07	1.499142410359838307e-06	-6.877014350342713911e-08	-3.139233829819579324e-03	-5.669941058501770659e-07	-2.049837620024484164e-01	-9.200365343742639146e-02	-1.515402086715161856e-07	6.351068678606131002e-08	-1.518395666437492020e-01	-9.981543895158637159e-02	-7.533494399146219769e-07	-5.140615676831545439e-02	1.279782656703001182e-17	-1.857504021310438930e-07	9.410545891673505192e-08	-1.583709770539504930e-02	-6.044886067917143446e-08	-3.182468541730821415e-02	-3.893462490013990113e-02	-1.912444385734207442e-01	-4.751417759008719210e-02	-1.358252896682676791e-07	-2.903387040422561460e-08	-1.609806311725359151e-07	-6.960253183881795480e-02	9.702303543912549344e-09	-8.124277776893371050e-02
-9.767919698364457197e-08	9.054127032767644856e-06	1.072879882038746336e-07	-6.299223088007677163e-07	-3.101054592363946737e-07	-2.242980518176936333e-01	-1.613338715671000036e-06	-1.090649193642651421e-01	2.255004307823548180e-06	8.062718795595613663e-06	1.069333919925115815e-07	-3.042164843934017093e-02	2.891280688234420492e-07	-7.029244829983953557e-07	1.225138787671597936e-06	5.502651612074305199e-07	0.000000000000000000e+00	4.470935512738854489e-08	-3.511397342903902624e-02	5.479338579597109598e-07	-5.062166196545657242e-03	4.313492174487756047e-07	-4.790041991019001013e-08	2.404619360055845467e-07	1.726358892235879683e-06	-7.716824600105001708e-02	4.052102666196029587e-08	4.285607641591850056e-06	1.796961416877286866e-07	2.039848446800188550e-07	6.645224027024375431e-07	3.941618052875457819e-07	2.575703752720481798e-06	-3.424377018113384796e-01	9.846943521515184407e-07	3.020497001665031244e-07	7.153199653247253875e-07	2.889102840189242547e-06	9.597894292773405439e-08	-1.270097220163854124e-01	-1.124097984760201868e-01	8.147698711079412115e-08	4.256238052583946607e-07	-7.487281768441253482e-02	-1.540615891939043081e-01	1.348442901010979411e-07	-1.894998022499192469e-01	2.601739729002212581e-07	3.866136857934500854e-08	-1.897329630281741401e-16	1.606862183003565964e-07	1.302362213557628739e-07	8.552302469886425175e-08	1.626925926871685698e-07	2.825663181347581072e-09	3.125678714123544640e-08	1.148081538145453995e-07	1.104390490154569943e-07	2.491058443714893250e-07	9.205746788269009787e-08	6.671141143783959191e-08	-2.087341572309288341e-17	-2.201342737314089526e-01	1.526556658859590243e-16
-2.007172688122470933e-02	2.188927761304968421e-06	-2.394459229432678218e-07	-3.551591886315795601e-07	-4.429730208228949209e-06	-7.406621673408610288e-07	-1.967375202098290421e-01	3.135560493089569329e-07	-9.304280869202250042e-07	6.880785398444600834e-07	-1.754459998071841997e-01	-1.372162619364315538e-07	-1.966922080851214380e-02	-2.786589269833438137e-06	-2.533958141997608854e-02	-3.011666896611958948e-06	4.470935512738854489e-08	0.000000000000000000e+00	-5.931834061609395842e-08	3.075680213312412487e-07	-1.549841549932165496e-08	-4.907030832482703134e-07	1.002910671883336459e-07	1.310513041719724921e-06	-1.447310079786406911e-07	5.362853891132098668e-07	-6.315437810272218457e-07	1.183561952630634060e-06	-3.137212189535287243e-01	2.167527186060453155e-07	-1.093056400854335204e-07	4.252506915030784684e-08	-8.030538954260577067e-08	-1.768180855606180796e-07	-1.949526457867105378e-07	2.027326000269053377e-07	-2.945586131076691205e-07	8.616882359313460098e-07	1.964316096509853777e-07	-1.825083186081724596e-07	-2.251370423804466281e-07	-3.148977414744036363e-02	-1.422900236195691892e-01	-2.260533968215586165e-08	-4.098799105244771424e-08	-1.176282044246766689e-07	-8.118824131725637522e-08	3.307689303689189794e-07	4.954044276675852396e-08	-6.807724187208130583e-17	-7.614710517875224533e-08	3.594769570722519365e-08	-3.361464275554992137e-02	-3.718390950570687470e-01	2.489776063472769120e-08	-1.544489793698466083e-02	-4.066722478363636317e-01	-7.386031380888857800e-02	2.112913985772464390e-07	-1.511340961136541788e-08	1.895271190508258234e-07	3.209528316335046324e-16	-1.356920314651843817e-08	2.081668171172168513e-17
-5.067734409443032089e-07	-6.685228141215580899e-02	1.503852325267199216e-07	-2.083471087442585230e-07	-1.682920304774993512e-07	-1.356302831519659857e-01	-7.151222410161171743e-07	-4.593920250991487819e-01	-8.488959148307177551e-07	-1.023091067095645290e-01	-7.298374493875017799e-02	4.654530048297243785e-07	9.784695372333718318e-08	4.581976264119957314e-08	1.533692924858664784e-08	-1.180456151482267987e-07	-3.511397342903902624e-02	-5.931834061609395842e-08	0.000000000000000000e+00	5.609247198580824936e-08	-1.723990829108931755e-01	-9.210002716546733526e-02	-5.630610438129932200e-07	8.685052662082524395e-08	-2.154160100721657506e-02	-1.040349639216979205e-01	1.984821935464224982e-08	5.091776383865593860e-07	-3.137540781725735232e-08	8.846879353028365295e-08	-2.700800639742754251e-09	8.454020923515325217e-08	-6.391892371687734123e-07	-8.270147657641248318e-02	-9.715259689902488843e-08	1.484539813383294413e-07	-2.315908243736425343e-08	2.992774510156597022e-08	5.779431493402065219e-08	1.260569252800602946e-08	-2.791161492250329708e-07	9.944105912347857954e-09	3.380407909885432827e-08	-7.749747037159004925e-02	-1.024384402830182533e-01	-3.126140270389918263e-08	-2.284977786378552305e-08	1.207344629323942371e-07	1.170527524784864102e-08	-1.795081892810524226e-16	1.741679791304937203e-09	3.190444172624721097e-08	7.008221583332241291e-09	5.243038597535092030e-09	4.508872633976762915e-09	1.600758621206963237e-09	-1.342168686260802879e-08	-1.581714468602835044e-10	8.242690820111484230e-08	-4.311955178526659416e-08	5.874336561000041780e-08	5.639402910122682572e-17	-1.472368319193478881e-08	-1.249000902703301108e-16
-1.801500770015821800e-06	7.133215157862922419e-07	1.031032351382414511e-06	4.605315925368985699e-07	-2.006398233469502274e-02	-3.321525848020001033e-06	-5.185229940031428619e-02	-1.543265298433472040e-07	-2.926946149307891706e-06	8.405898015666948246e-08	2.792346692625208575e-07	7.353321867669487047e-08	-4.328031286979772685e-01	-2.528148598576337721e-07	-4.559996085194958664e-06	-2.329146421947983613e-06	5.479338579597109598e-07	3.075680213312412487e-07	5.609247198580824936e-08	0.000000000000000000e+00	6.088947842241773656e-08	-2.326451210653127967e-07	2.373236289974811017e-07	-4.796458294166610596e-07	3.199744002119198072e-07	3.342344822615430765e-07	-1.758807582677371709e-02	-1.411571131393377643e-01	-2.042394236137448328e-07	4.692670533589985262e-07	-2.438652198944025740e-01	1.419581384387580414e-08	9.933916634251305222e-08	-5.815054868185676185e-09	-2.367795499148826754e-01	4.329406035801300345e-08	-3.741808528242868831e-07	-2.954408650651402929e-07	9.922841673944832186e-08	-2.227599745696798306e-02	-3.122594054057181712e-07	-3.183094811850625816e-02	-1.560047874116430311e-01	8.423304120180885590e-10	3.128999340618748848e-08	9.646512178244567859e-08	-2.454285758218127667e-08	-1.278690255051907286e-07	-2.279336554320657640e-02	6.154595666372421304e-17	-4.809604262252797913e-08	-1.680296496647110116e-08	1.667530019323036627e-07	1.465416589268263292e-08	-2.493589523695184662e-01	6.435709862543266072e-08	-1.403992130107750702e-08	4.523217802913925834e-09	-1.210075936588367318e-07	-2.040506481733724009e-01	-1.049892790483397675e-07	-6.591949208711866959e-17	1.045400603583157562e-08	-3.261280134836397337e-16
8.736770483810940569e-08	-2.280573099294609107e-01	2.732689805794163984e-07	-1.234872039103385166e-07	8.064123021254976376e-09	-5.893604111562728010e-07	-6.637032160024952665e-07	-2.792952965523492342e-02	-1.442872082179694204e-01	-5.743912910769968100e-02	-1.572555769335098885e-07	3.184088269306620256e-07	6.327404880861892122e-08	-3.060087719762485253e-07	5.102244289185986492e-07	2.518253549611826347e-07	-5.062166196545657242e-03	-1.549841549932165496e-08	-1.723990829108931755e-01	6.088947842241773656e-08	0.000000000000000000e+00	-2.993464728058481184e-08	1.862453917381170834e-07	1.940693615194279414e-08	1.917536644850670324e-07	2.370550867555287407e-07	-1.047590786741883407e-08	7.612301000259187184e-07	4.310733269925572868e-07	1.592249441385577885e-07	4.169487537325254459e-09	1.256366160292293256e-08	3.147814708200861317e-07	2.882621589284723144e-07	2.600252640027640328e-07	6.423045145039642390e-08	6.713479342498190894e-08	-5.392959382080480346e-08	5.146037427195476303e-08	3.433903161993712150e-08	-5.244600337416627234e-02	1.821124633447900305e-08	1.841442537949683489e-08	2.913801643687328362e-07	-4.645333865661849249e-08	-3.507096287924976741e-02	-7.185217768288229556e-02	4.039620844841461008e-08	1.234489569702848819e-08	-1.064242878097248907e-01	1.560738635426338678e-08	1.240687873417359644e-08	1.067833632518878229e-08	3.068301215127681011e-08	-7.810461929571909474e-10	-1.829330384612730879e-09	3.651964157296017088e-08	1.213636801515940999e-08	3.545602060765551680e-08	3.326812366125138453e-08	2.355329564882727460e-08	-5.963719946209924695e-17	-3.999515298057348262e-02	-8.768017329496917422e-02
-2.725140199911835551e-02	2.011241625117172629e-06	1.553516530952708105e-07	-1.622906092694532953e-07	-4.713543373905306332e-07	-9.843928005911158999e-07	-1.362840187054360334e-06	-1.215965235893849174e-02	-6.053841262156581587e-07	-8.575821992919735459e-02	-3.457199043813558026e-01	3.897413718689779743e-07	4.235206906964692260e-07	-2.941582587460830996e-07	-2.025262923907873158e-01	-4.668558221985552939e-07	4.313492174487756047e-07	-4.907030832482703134e-07	-9.210002716546733526e-02	-2.326451210653127967e-07	-2.993464728058481184e-08	0.000000000000000000e+00	1.730360141571413799e-08	1.091142915981553877e-07	-3.176839336069096908e-07	3.812293130413561479e-07	1.046547465546116817e-07	1.543778306233713986e-06	-1.949864312268641819e-01	-4.989068221456388966e-03	-5.430583156193534780e-08	-1.098219939639126050e-07	-4.867015553069661826e-07	-7.170592101835362997e-07	1.931520321437132925e-07	-1.474752672814305922e-07	-1.275367283854172279e-07	-6.572666659622227917e-08	-6.961420414582961125e-03	9.220720623560711704e-09	-4.129102519415117634e-07	7.541912251351933693e-08	1.443125051858360451e-07	-2.305544788220122432e-01	-4.296607277560690608e-08	-3.289167864651288548e-02	-5.696482584943707295e-08	1.136093864943462478e-07	2.557329107958136612e-08	-2.097847904348035445e-17	-9.504858438829923527e-09	-1.510700222966528179e-07	9.177375993312505279e-09	3.362730404981192139e-08	-1.791429301746349779e-09	2.763852239726966886e-08	-1.054348392945901602e-08	-1.692822519709863763e-08	-2.024946259680361106e-03	-2.523978183096090011e-08	-1.482038360105067113e-07	-1.123167120717256939e-02	-1.284963437736541536e-08	-3.469446951953614189e-18
-5.496298294691401992e-02	1.030297135180402762e-06	1.234385004011255387e-07	-1.693984816206886915e-02	-9.134974942484465782e-08	-6.291772493866111364e-03	-1.942170729900534465e-02	-4.177720567631930393e-02	-1.810816129572675639e-07	1.663072584886821505e-07	1.157207191769738701e-07	1.053864728979706431e-07	3.923873729321670421e-07	-7.654227919956306840e-07	2.487684136375438427e-07	-1.211715614493575899e-01	-4.790041991019001013e-08	1.002910671883336459e-07	-5.630610438129932200e-07	2.373236289974811017e-07	1.862453917381170834e-07	1.730360141571413799e-08	0.000000000000000000e+00	2.275771699259807899e-07	-4.520528047841138042e-02	-8.105848076985075479e-02	1.401938821863849017e-07	5.718214691962805390e-07	9.423056134581924075e-08	-1.301327275464369548e-01	8.477381589123884821e-09	-2.339092277463526092e-07	1.828173018432206060e-07	-1.740924291267973010e-07	2.387566185935993287e-07	-7.805083900198003799e-02	-8.680730192807495013e-03	9.558137366346813972e-08	-2.184315600933122437e-01	-6.761145425080924976e-08	-1.306417906832628777e-07	2.129273549123433682e-07	-8.230028210602820249e-08	-4.012567712925649757e-08	-4.027202324223544405e-09	8.169498984982384582e-08	-2.479040542350721965e-01	1.243297355376324519e-07	5.493474688960919103e-08	1.958146552543416138e-17	-6.738127544836490441e-08	7.896079064543575143e-08	6.512292442689655444e-08	6.285609754031207323e-09	4.897380861616049117e-09	1.722184114617418225e-08	-5.887858527532478792e-08	-1.537063127465944645e-01	1.208170472389298900e-07	-1.161303591845510524e-08	8.021685549708473908e-08	9.431701728265074272e-17	-6.783537733270894599e-10	-1.318389841742373392e-16
5.458242689650783941e-07	1.181368817166233571e-07	-4.460931034054689825e-01	8.482766494507599023e-07	-2.389942619835788475e-06	-1.483092826337309122e-06	-1.096826383869330831e-05	4.495535079488268407e-07	5.222111506105431002e-07	2.533357080157003437e-08	3.108548124492160285e-08	2.954128318592474159e-08	-1.709248335288304776e-01	-2.628070568045140341e-06	8.398181869020499569e-07	-2.549439137527750865e-01	2.404619360055845467e-07	1.310513041719724921e-06	8.685052662082524395e-08	-4.796458294166610596e-07	1.940693615194279414e-08	1.091142915981553877e-07	2.275771699259807899e-07	0.000000000000000000e+00	2.844529803935642170e-07	7.580334910045797252e-07	-8.889742446739820614e-02	7.461445235053959513e-07	2.629949362649477895e-07	5.973451711670813165e-07	1.265111316592332615e-07	-1.393295250308717453e-07	3.306515048522289807e-07	8.224714045728612893e-09	3.952650604952933494e-07	5.050902858157527153e-08	4.442896153527479790e-07	-1.994173941834503742e-03	2.676499172024962570e-07	-3.661472109534047448e-08	1.538220464891715267e-07	-2.636086742461222210e-01	1.089694052987841104e-07	5.966836915294489174e-08	1.298162445118392072e-08	1.684002848937075567e-07	1.650056118298985630e-07	-1.096026879425282176e-07	-1.918586253136559672e-01	-3.923899518102946441e-17	8.153239953179723144e-08	2.931645522868953080e-08	1.817262484898711505e-07	6.560017746101102359e-07	-2.649991631396470537e-01	-2.753975420607773783e-01	1.140571100790958858e-07	2.854218889318180241e-08	1.279905462621411250e-07	4.619854167731314576e-09	7.390957019320909538e-08	-3.469446951953614189e-17	5.614340738840928324e-09	-2.896988204881267848e-16
